inherit_from: "configs/mono/tello_drone/base_config.yaml"

Dataset:
  dataset_path: "dataset/tello_drone/0514"
  Calibration:
    fx: 924.873180
    fy: 923.504522
    cx: 486.997346
    cy: 364.308527
    k1: -0.034749
    k2: 0.071514
    p1: 0.000363
    p2: 0.003131
    k3: 0.0
    width: 960
    height: 720
    depth_scale: 5000.0
    distorted: False
