9.062491181555123454e-01 -2.954311239679592860e-01 3.023788796086531172e-01 -3.569159214564542326e-01 -4.227440547687880690e-01 -6.333245673155291078e-01 6.482186796076164770e-01 -6.602722315763628336e-01 8.759610522377010340e-17 -7.152764804085384176e-01 -6.988415818870352680e-01 8.192365926179191460e-01 0.000000000000000000e+00 0.000000000000000000e+00 0.000000000000000000e+00 1.000000000000000000e+00
9.117974242635417115e-01 -2.821317573836910064e-01 2.983741419459151611e-01 -3.392391072404580266e-01 -4.106403013665013702e-01 -6.264533920059638383e-01 6.625184454321639826e-01 -6.529105261083280043e-01 8.898370098269448719e-17 -7.266070596407748772e-01 -6.870532591292960456e-01 8.089290835703050186e-01 0.000000000000000000e+00 0.000000000000000000e+00 0.000000000000000000e+00 1.000000000000000000e+00
9.166258029097622551e-01 -2.702264157025422442e-01 2.945756637887633755e-01 -3.231535950299469495e-01 -3.997463413716675351e-01 -6.196342020563287978e-01 6.754674812320596855e-01 -6.462738061308310744e-01 9.024501450788876927e-17 -7.369064661804600735e-01 -6.759947189893028563e-01 7.992300912828865789e-01 0.000000000000000000e+00 0.000000000000000000e+00 0.000000000000000000e+00 1.000000000000000000e+00
9.208302587334143974e-01 -2.595958960858245068e-01 2.910010400949642473e-01 -3.086086623714684452e-01 -3.899636324081429128e-01 -6.129898695493095628e-01 6.871475716532565725e-01 -6.403427507452333911e-01 9.138634033643980614e-17 -7.462260988234855619e-01 -6.656925787739275124e-01 7.901178428049372426e-01 0.000000000000000000e+00 0.000000000000000000e+00 0.000000000000000000e+00 1.000000000000000000e+00
9.244909309264357500e-01 -2.501320916852852183e-01 2.876637887255122372e-01 -2.955535868115701237e-01 -3.812040380619964863e-01 -6.066170008909974598e-01 6.976383702142818777e-01 -6.350980390528973007e-01 9.241416745853188311e-17 -7.546189441957813493e-01 -6.561632792688449900e-01 7.815705651857323133e-01 0.000000000000000000e+00 0.000000000000000000e+00 0.000000000000000000e+00 1.000000000000000000e+00
9.276749272140971669e-01 -2.417373574207724862e-01 2.845738558714436817e-01 -2.839376458967994843e-01 -3.733888447963055190e-01 -6.005902119882030599e-01 7.070163844251742269e-01 -6.305203501551843726e-01 9.333499556048652904e-17 -7.621380762638663153e-01 -6.474145138231093277e-01 7.735664854745459840e-01 0.000000000000000000e+00 0.000000000000000000e+00 0.000000000000000000e+00 1.000000000000000000e+00
9.304386103698318866e-01 -2.343237833589703611e-01 2.817380998114990542e-01 -2.737101171737038041e-01 -3.664478030130019492e-01 -5.949657593045695192e-01 7.153542848981063740e-01 -6.265903631534559537e-01 9.415520008446272038e-17 -7.688355544636807926e-01 -6.394465499105649320e-01 7.660838307206521147e-01 0.000000000000000000e+00 0.000000000000000000e+00 0.000000000000000000e+00 1.000000000000000000e+00
9.328294474627633059e-01 -2.278124292407843199e-01 2.791607404878563292e-01 -2.648202781888302493e-01 -3.603182231671271385e-01 -5.897846093542200574e-01 7.227204802844419129e-01 -6.232887571490738354e-01 9.488093726735724426e-17 -7.747616482843628916e-01 -6.322534209853650777e-01 7.591008279733246766e-01 0.000000000000000000e+00 0.000000000000000000e+00 0.000000000000000000e+00 1.000000000000000000e+00
9.348875099005826694e-01 -2.221325552374948942e-01 2.768437677383200901e-01 -2.572174064887267075e-01 -3.549441418475414167e-01 -5.850750215312329194e-01 7.291789048980639176e-01 -6.205962112434002531e-01 9.551808131270763546e-17 -7.799643242379030728e-01 -6.258239791795384699e-01 7.525957042818390841e-01 0.000000000000000000e+00 0.000000000000000000e+00 0.000000000000000000e+00 1.000000000000000000e+00
9.366466943422699920e-01 -2.172208713589387219e-01 2.747873050629554559e-01 -2.508507796199403450e-01 -3.502755629182520702e-01 -5.808547116602055249e-01 7.347889724025811198e-01 -6.184934045377962208e-01 9.607218693420890615e-17 -7.844889400037472482e-01 -6.201428085625093622e-01 7.465466866954685310e-01 0.000000000000000000e+00 0.000000000000000000e+00 0.000000000000000000e+00 1.000000000000000000e+00
9.381357201392316325e-01 -2.130208192217611096e-01 2.729899287097143912e-01 -2.456696751290185499e-01 -3.462677729717930086e-01 -5.771326564125134340e-01 7.396056559433482613e-01 -6.169610161336236409e-01 9.654847158446050965e-17 -7.883780993155031780e-01 -6.151910049079671872e-01 7.409320022634876546e-01 0.000000000000000000e+00 0.000000000000000000e+00 0.000000000000000000e+00 1.000000000000000000e+00
9.393789475095707386e-01 -2.094818938769979211e-01 2.714489438430682799e-01 -2.416233705625088768e-01 -3.428807270404842233e-01 -5.739105918579425758e-01 7.436796619361423222e-01 -6.159797251322443046e-01 9.695181268385872323e-17 -7.916716293331297338e-01 -6.109468318184715363e-01 7.357298780351708700e-01 0.000000000000000000e+00 0.000000000000000000e+00 0.000000000000000000e+00 1.000000000000000000e+00
9.403970515967429167e-01 -2.065590092678766532e-01 2.701606208136673737e-01 -2.386611434669586029e-01 -3.400784988030747247e-01 -5.711842529884142428e-01 7.470576709932871262e-01 -6.155302106350197811e-01 9.728675605766589145e-17 -7.944066495368355962e-01 -6.073862652148627195e-01 7.309185410597921484e-01 0.000000000000000000e+00 0.000000000000000000e+00 0.000000000000000000e+00 1.000000000000000000e+00
9.412075804282469260e-01 -2.042119080803877218e-01 2.691203952556778245e-01 -2.367322713889151720e-01 -3.378287888034484654e-01 -5.689443951172682423e-01 7.497826249788939190e-01 -6.155931517433117506e-01 9.755753256034293103e-17 -7.966177074750555587e-01 -6.044834390925750700e-01 7.264762183866259049e-01 0.000000000000000000e+00 0.000000000000000000e+00 0.000000000000000000e+00 1.000000000000000000e+00
9.418254191732439162e-01 -2.024046148746488916e-01 2.683230360527931735e-01 -2.357860318749260831e-01 -3.361024840716645423e-01 -5.671776326600096452e-01 7.518940438725683073e-01 -6.161492275584818934e-01 9.776808051483724803e-17 -7.983369619951417029e-01 -6.022110054726397266e-01 7.223811370649464436e-01 0.000000000000000000e+00 0.000000000000000000e+00 0.000000000000000000e+00 1.000000000000000000e+00
9.422631786778656870e-01 -2.011049301742613704e-01 2.677627852549525067e-01 -2.357717024715386689e-01 -3.348732627545596419e-01 -5.658671259540851706e-01 7.534283600028467420e-01 -6.171791171818920008e-01 9.792207212840336610e-17 -7.995943989449082467e-01 -6.005404209342872779e-01 7.186115241440279577e-01 0.000000000000000000e+00 0.000000000000000000e+00 0.000000000000000000e+00 1.000000000000000000e+00
9.425315227769753834e-01 -2.002839624522955442e-01 2.674334738885978391e-01 -2.366385607253002898e-01 -3.341172377650035163e-01 -5.649931424691717607e-01 7.544192603526862495e-01 -6.186634997149035309e-01 9.802294247771767562e-17 -8.004180678540544491e-01 -5.994421712332076435e-01 7.151456066731447514e-01 0.000000000000000000e+00 0.000000000000000000e+00 0.000000000000000000e+00 1.000000000000000000e+00
9.426394461388762913e-01 -1.999156945492978898e-01 2.673286173529956788e-01 -2.383358841827585284e-01 -3.338126339475373516e-01 -5.645335149718627710e-01 7.548980301275934890e-01 -6.205830542588787191e-01 9.807391999827240038e-17 -8.008343308989602782e-01 -5.988859444448622060e-01 7.119616117015712398e-01 0.000000000000000000e+00 0.000000000000000000e+00 0.000000000000000000e+00 1.000000000000000000e+00
9.425945122361254480e-01 -1.999765808921601107e-01 2.674414937832608197e-01 -2.408129503904607727e-01 -3.339394937744569747e-01 -5.644640159034459703e-01 7.548938927079841266e-01 -6.229184599151789126e-01 9.807805768013330662e-17 -8.008681176353792397e-01 -5.988407619352279498e-01 7.090377662785815049e-01 0.000000000000000000e+00 0.000000000000000000e+00 0.000000000000000000e+00 1.000000000000000000e+00
9.424030593267263001e-01 -2.004451718816899763e-01 2.677652084213830164e-01 -2.440190368949543553e-01 -3.344794070965012023e-01 -5.647586643624860070e-01 7.544343425745370091e-01 -6.256503957851655695e-01 9.803826437711379320e-17 -8.005431806572462783e-01 -5.992750753228265337e-01 7.063522974534498511e-01 0.000000000000000000e+00 0.000000000000000000e+00 0.000000000000000000e+00 1.000000000000000000e+00
9.420703809780959226e-01 -2.013017619300546124e-01 2.682927466921919413e-01 -2.479034212427867478e-01 -3.354152609583902489e-01 -5.653899796066056416e-01 7.535454688846964233e-01 -6.287595409702007032e-01 9.795733579093295178e-17 -7.998823486015287365e-01 -6.001568364983460580e-01 7.038834322754506934e-01 0.000000000000000000e+00 0.000000000000000000e+00 0.000000000000000000e+00 1.000000000000000000e+00
9.416008865947412820e-01 -2.025280578202619808e-01 2.690170183455866115e-01 -2.524153809805053106e-01 -3.367310059439093117e-01 -5.663291928502585115e-01 7.522522681664558508e-01 -6.322265745716459939e-01 9.783798480617656368e-17 -7.989077738519806404e-01 -6.014535467339706676e-01 7.016093977938580029e-01 0.000000000000000000e+00 0.000000000000000000e+00 0.000000000000000000e+00 1.000000000000000000e+00
9.409982465590329692e-01 -2.041068643026109630e-01 2.699308947071099585e-01 -2.575041936546574872e-01 -3.384114359368272651e-01 -5.675464272882105865e-01 7.505789451480520125e-01 -6.360321756908626778e-01 9.768287093458399288e-17 -7.976411729699911524e-01 -6.031322899522596481e-01 6.995084210579461947e-01 0.000000000000000000e+00 0.000000000000000000e+00 0.000000000000000000e+00 1.000000000000000000e+00
9.402655259147305600e-01 -2.060217841195386979e-01 2.710272407794043770e-01 -2.631191368117906659e-01 -3.404419785753440841e-01 -5.690108546710187509e-01 7.485492011152384828e-01 -6.401570234292132122e-01 9.749462868568662315e-17 -7.961040583584277908e-01 -6.051597543337140506e-01 6.975587291169895732e-01 0.000000000000000000e+00 0.000000000000000000e+00 0.000000000000000000e+00 1.000000000000000000e+00
9.394053099761345837e-01 -2.082569299483408576e-01 2.722989436577642475e-01 -2.692094879984522904e-01 -3.428084940438938522e-01 -5.706908353552918589e-01 7.461865094283310906e-01 -6.445817968880586113e-01 9.727589472126330800e-17 -7.943179599945925373e-01 -6.075022456172725072e-01 6.957385490202623313e-01 0.000000000000000000e+00 0.000000000000000000e+00 0.000000000000000000e+00 1.000000000000000000e+00
9.384198248001794918e-01 -2.107966460628515615e-01 2.737389384626406352e-01 -2.757245247611899153e-01 -3.454970801931623869e-01 -5.725540475079290426e-01 7.435143779781852036e-01 -6.492871751687608883e-01 9.702933367854886689e-17 -7.923046362927210762e-01 -6.101256946802511294e-01 6.940261078170388842e-01 0.000000000000000000e+00 0.000000000000000000e+00 0.000000000000000000e+00 1.000000000000000000e+00
9.373110550878280822e-01 -2.136252378354253356e-01 2.753402327483222001e-01 -2.826135246465507067e-01 -3.484938823137965214e-01 -5.745676100236775108e-01 7.405565984457480599e-01 -6.542538373726816125e-01 9.675766256582311627e-17 -7.900862733090844303e-01 -6.129956612640603542e-01 6.923996325565934251e-01 0.000000000000000000e+00 0.000000000000000000e+00 0.000000000000000000e+00 1.000000000000000000e+00
9.360808617619778005e-01 -2.167267075266359755e-01 2.770959301173817613e-01 -2.898257652010822749e-01 -3.517849062182073494e-01 -5.766982026867571998e-01 7.373374822799333428e-01 -6.594624626011825752e-01 9.646367364736205731e-17 -7.876856716117971446e-01 -6.160773350298419659e-01 6.908373502882001471e-01 0.000000000000000000e+00 0.000000000000000000e+00 0.000000000000000000e+00 1.000000000000000000e+00
9.347311011816037407e-01 -2.200844951405503125e-01 2.789992535519680295e-01 -2.973105239713318970e-01 -3.553558336144578278e-01 -5.789121861410584380e-01 7.338820833441529468e-01 -6.648937299556255676e-01 9.615025574551793909e-17 -7.851264202255008318e-01 -6.193355344753684877e-01 6.893174880611333544e-01 0.000000000000000000e+00 0.000000000000000000e+00 0.000000000000000000e+00 1.000000000000000000e+00
9.332637476777683183e-01 -2.236812234576015801e-01 2.810435687628475843e-01 -3.050170785038470722e-01 -3.591918390922140270e-01 -5.811757233036609627e-01 7.302164072191336119e-01 -6.705283185373720478e-01 9.582041389810375038e-17 -7.824330571460902384e-01 -6.227347036138447534e-01 6.878182729246674620e-01 0.000000000000000000e+00 0.000000000000000000e+00 0.000000000000000000e+00 1.000000000000000000e+00
9.316810208193772036e-01 -2.274984466945998984e-01 2.832224076525503009e-01 -3.128947063451752442e-01 -3.632774083878091975e-01 -5.834549029401200348e-01 7.263676072004945361e-01 -6.763469074477835852e-01 9.547728732094257251e-17 -7.796312160160593363e-01 -6.262389057007881066e-01 6.863179319280764412e-01 0.000000000000000000e+00 0.000000000000000000e+00 0.000000000000000000e+00 1.000000000000000000e+00
9.299855185190779583e-01 -2.315164025817484095e-01 2.855294917874637850e-01 -3.208926850418637455e-01 -3.675961579570732329e-01 -5.857158651962892648e-01 7.223641671017193566e-01 -6.823301757882223040e-01 9.512416563954446999e-17 -7.767477586662017153e-01 -6.298118126925152938e-01 6.847946921206345960e-01 0.000000000000000000e+00 0.000000000000000000e+00 0.000000000000000000e+00 1.000000000000000000e+00
9.281803567570601210e-01 -2.357137679886351367e-01 2.879587555726277337e-01 -3.289602921404600200e-01 -3.721306562624698278e-01 -5.879249279315751364e-01 7.182360710701709561e-01 -6.884588026600495514e-01 9.476450337102711730e-17 -7.738108933694666236e-01 -6.334166885256087287e-01 6.832267805516165637e-01 0.000000000000000000e+00 0.000000000000000000e+00 0.000000000000000000e+00 1.000000000000000000e+00
9.262693163182478262e-01 -2.400674185730790611e-01 2.905043686194472841e-01 -3.370468051875115112e-01 -3.768622475750598166e-01 -5.900487117051534947e-01 7.140149607450553271e-01 -6.947134671646271187e-01 9.440193265770696469e-17 -7.708502788186215593e-01 -6.370163637185887184e-01 6.815924242702964264e-01 0.000000000000000000e+00 0.000000000000000000e+00 0.000000000000000000e+00 1.000000000000000000e+00
9.242569964930194004e-01 -2.445521932653681452e-01 2.931607565872362264e-01 -3.451015017295656628e-01 -3.817708794993441290e-01 -5.920542602139929889e-01 7.097342802265922401e-01 -7.010748484033170191e-01 9.404027427681055271e-17 -7.678971140273673779e-01 -6.405731982126948720e-01 6.798698503259483772e-01 0.000000000000000000e+00 0.000000000000000000e+00 0.000000000000000000e+00 1.000000000000000000e+00
9.221489751714780914e-01 -2.491406647313975931e-01 2.959226195602323028e-01 -3.530736593131698076e-01 -3.868349358449836850e-01 -5.939091518550557725e-01 7.054294094752611155e-01 -7.075236254774801559e-01 9.368354697543737911e-17 -7.649842145560949991e-01 -6.440490287858482432e-01 6.780372857678464982e-01 0.000000000000000000e+00 0.000000000000000000e+00 0.000000000000000000e+00 1.000000000000000000e+00
9.199519741572093068e-01 -2.538029172757838015e-01 2.987849467870740683e-01 -3.609125554848715001e-01 -3.920310768858165096e-01 -5.955815968710098662e-01 7.011377869037761501e-01 -7.140404774884790973e-01 9.333597520453122246e-17 -7.621460756645537238e-01 -6.474050967895761399e-01 6.760729576452655376e-01 0.000000000000000000e+00 0.000000000000000000e+00 0.000000000000000000e+00 1.000000000000000000e+00
9.176740278327302214e-01 -2.585063339433714136e-01 3.017430263525766598e-01 -3.685674677912178510e-01 -3.973340894527597200e-01 -5.970405132285808714e-01 6.968990220415717252e-01 -7.206060835376749685e-01 9.300199534770924675e-17 -7.594189231741009793e-01 -6.506019513689527134e-01 6.739550930074793555e-01 0.000000000000000000e+00 0.000000000000000000e+00 0.000000000000000000e+00 1.000000000000000000e+00
9.153246525246443444e-01 -2.632153948473245353e-01 3.047924480626217902e-01 -3.759876737787566925e-01 -4.027167496897030574e-01 -5.982555729638793229e-01 6.927549992147451485e-01 -7.272011227264296718e-01 9.268626055702381011e-17 -7.568407529546935519e-01 -6.535993227253013016e-01 6.716619189037624782e-01 0.000000000000000000e+00 0.000000000000000000e+00 0.000000000000000000e+00 1.000000000000000000e+00
9.129150130472872826e-01 -2.678914889874265404e-01 3.079290974899429600e-01 -3.831224509940351353e-01 -4.081497016449617821e-01 -5.991972092067133770e-01 6.887499731586309570e-01 -7.338062741561046654e-01 9.239364431372895712e-17 -7.544513600007529686e-01 -6.563559593642875889e-01 6.691716623833888766e-01 0.000000000000000000e+00 0.000000000000000000e+00 0.000000000000000000e+00 1.000000000000000000e+00
9.104580819625681665e-01 -2.724927420187527871e-01 3.111491387359813787e-01 -3.899210769836006785e-01 -4.136013551586135151e-01 -5.998365724695762236e-01 6.849306573215344640e-01 -7.404022169280619625e-01 9.212924282231761402e-17 -7.522923579799627447e-01 -6.588294226314940216e-01 6.664625504956331881e-01 0.000000000000000000e+00 0.000000000000000000e+00 0.000000000000000000e+00 1.000000000000000000e+00
9.079687861033249874e-01 -2.769738625885620475e-01 3.144489829921967017e-01 -3.963328292940009323e-01 -4.190378067216065094e-01 -6.001454230690990155e-01 6.813463052715247326e-01 -7.469696301436633545e-01 9.189837631342252684e-17 -7.504071898722616263e-01 -6.609758311678389786e-01 6.635128102897696056e-01 0.000000000000000000e+00 0.000000000000000000e+00 0.000000000000000000e+00 1.000000000000000000e+00
9.054641339007923895e-01 -2.812860099860719498e-01 3.178252394090241850e-01 -4.023069854717828964e-01 -4.244227871112579153e-01 -6.000959447629349297e-01 6.780487850146126316e-01 -7.534891929042698555e-01 9.170658926672376295e-17 -7.488411297900215979e-01 -6.627495472158424494e-01 6.603006688150718784e-01 0.000000000000000000e+00 0.000000000000000000e+00 0.000000000000000000e+00 1.000000000000000000e+00
9.029633160782957191e-01 -2.853766859658681820e-01 3.212746440726780284e-01 -4.077928230634943474e-01 -4.297176396389700281e-01 -5.996604628743429366e-01 6.750926450854290994e-01 -7.599415843112438118e-01 9.155964945757591771e-17 -7.476412751931684753e-01 -6.641027959793069924e-01 6.568043531208148655e-01 0.000000000000000000e+00 0.000000000000000000e+00 0.000000000000000000e+00 1.000000000000000000e+00
9.004877713793353333e-01 -2.891896537486655094e-01 3.247939620143893702e-01 -4.127396196156825625e-01 -4.348813327751349100e-01 -5.988110484032875824e-01 6.725351698713443183e-01 -7.663074834659466816e-01 9.146354556657379485e-17 -7.468565273698039020e-01 -6.649852085009992919e-01 6.530020902562727603e-01 0.000000000000000000e+00 0.000000000000000000e+00 0.000000000000000000e+00 1.000000000000000000e+00
8.980612082564800591e-01 -2.926648874344371931e-01 3.283798560933651189e-01 -4.170966526748950409e-01 -4.398705107470958775e-01 -5.975189879794703396e-01 6.704364196395348197e-01 -7.725675694697400342e-01 9.142448285205104131e-17 -7.465375560994755855e-01 -6.653432778145597082e-01 6.488721072707196447e-01 0.000000000000000000e+00 0.000000000000000000e+00 0.000000000000000000e+00 1.000000000000000000e+00
8.957095729356751024e-01 -2.957385554752118284e-01 3.320287152594267877e-01 -4.208131997876790598e-01 -4.446395854525218017e-01 -5.957540981325892826e-01 6.688592479788514344e-01 -7.787025214239857718e-01 9.144887604949498180e-17 -7.467367416724989271e-01 -6.651197175218456215e-01 6.443926312134298229e-01 0.000000000000000000e+00 0.000000000000000000e+00 0.000000000000000000e+00 1.000000000000000000e+00
8.934609540739926192e-01 -2.983430425802652275e-01 3.357364330678768161e-01 -4.238385385005821182e-01 -4.491408727172254700e-01 -5.934838614274229318e-01 6.678692856240691089e-01 -7.846930184300455746e-01 9.154333820172856333e-17 -7.475080836814712582e-01 -6.642527115720752162e-01 6.395418891336777101e-01 0.000000000000000000e+00 0.000000000000000000e+00 0.000000000000000000e+00 1.000000000000000000e+00
8.913454144371375509e-01 -3.004070156457530061e-01 3.394981253448974279e-01 -4.261219463601517710e-01 -4.533247755879744600e-01 -5.906723618034933621e-01 6.675348746242368847e-01 -7.905197395892811230e-01 9.171466350606950448e-17 -7.489070609576967685e-01 -6.626750440809616727e-01 6.342981080807374994e-01 0.000000000000000000e+00 0.000000000000000000e+00 0.000000000000000000e+00 1.000000000000000000e+00
8.893946915138183362e-01 -3.018563965230080526e-01 3.433071490446773510e-01 -4.276127009129351286e-01 -4.571401127740156722e-01 -5.872805058342580597e-01 6.679255383349391728e-01 -7.961633640030536530e-01 9.196961488474853241e-17 -7.509888969520138735e-01 -6.603148314666250629e-01 6.286395151038831619e-01 0.000000000000000000e+00 0.000000000000000000e+00 0.000000000000000000e+00 1.000000000000000000e+00
8.876406738710872490e-01 -3.026330813757452387e-01 3.471415448296323314e-01 -4.282600797054797459e-01 -4.605366805040419509e-01 -5.832964965875123697e-01 6.690823289992438028e-01 -8.016045707727255110e-01 9.231094931708602742e-17 -7.537761041090093039e-01 -6.571313300050790618e-01 6.225443372523893348e-01 0.000000000000000000e+00 0.000000000000000000e+00 0.000000000000000000e+00 1.000000000000000000e+00
8.861144225669537189e-01 -3.026973296509612998e-01 3.509637541698734653e-01 -4.280133602843332330e-01 -4.634665361370053360e-01 -5.787353531753814950e-01 6.710172582476046088e-01 -8.068240389996580442e-01 9.273736173992482476e-17 -7.572580257792874692e-01 -6.531158261693373879e-01 6.159908015755303223e-01 0.000000000000000000e+00 0.000000000000000000e+00 0.000000000000000000e+00 1.000000000000000000e+00
8.848428678305166883e-01 -3.020164208765332425e-01 3.547381862309096356e-01 -4.268298182245341965e-01 -4.658895783868391982e-01 -5.736060396663494876e-01 6.737380885839984179e-01 -8.118014035264713435e-01 9.324719943452018195e-17 -7.614211664901464616e-01 -6.482575161313478551e-01 6.089609118128459508e-01 0.000000000000000000e+00 0.000000000000000000e+00 0.000000000000000000e+00 1.000000000000000000e+00
8.837986904934906907e-01 -3.006284625662397625e-01 3.585002122412899728e-01 -4.247784598281193480e-01 -4.678673686868864978e-01 -5.678853865932393941e-01 6.772047792299284996e-01 -8.165017111271729577e-01 9.383773410980520390e-17 -7.662432480543670543e-01 -6.425506087547454559e-01 6.014894312494915019e-01 0.000000000000000000e+00 0.000000000000000000e+00 0.000000000000000000e+00 1.000000000000000000e+00
8.829116133283544388e-01 -2.986239783339536547e-01 3.623407272360154585e-01 -4.220104120908840795e-01 -4.695392241867788474e-01 -5.615262046445803623e-01 6.813378298961028090e-01 -8.208792865269020078e-01 9.450529134788420665e-17 -7.716942665728802053e-01 -6.359936783793881387e-01 5.936499007800118966e-01 0.000000000000000000e+00 0.000000000000000000e+00 0.000000000000000000e+00 1.000000000000000000e+00
8.821060105753625313e-01 -2.960953585454293990e-01 3.663557352556010560e-01 -4.186787014753948766e-01 -4.710509379109848460e-01 -5.544782410044736265e-01 6.860502125542753404e-01 -8.248882064478325615e-01 9.524583063558834337e-17 -7.777412287518506995e-01 -6.285845854772144081e-01 5.855167582321993969e-01 0.000000000000000000e+00 0.000000000000000000e+00 0.000000000000000000e+00 1.000000000000000000e+00
8.813023066069824996e-01 -2.931347125143587973e-01 3.706457671258860387e-01 -4.149363544442180585e-01 -4.725529011329973605e-01 -5.466907465091845886e-01 6.912474110707527153e-01 -8.284825476121385757e-01 9.605488639259906832e-17 -7.843476703607621392e-01 -6.203214747206847735e-01 5.771644414338455986e-01 0.000000000000000000e+00 0.000000000000000000e+00 0.000000000000000000e+00 1.000000000000000000e+00
8.804172696311173274e-01 -2.898327721095014242e-01 3.753163939219954504e-01 -4.109363974599199998e-01 -4.741997799823284288e-01 -5.381145007696429561e-01 6.968266303221695157e-01 -8.316163867419937850e-01 9.692750606110099181e-17 -7.914731506960676066e-01 -6.112039362825145705e-01 5.686673882127427637e-01 0.000000000000000000e+00 0.000000000000000000e+00 0.000000000000000000e+00 1.000000000000000000e+00
8.793640627809719001e-01 -2.862776645297118172e-01 3.804785721703085044e-01 -4.068318569850670197e-01 -4.761500237208256547e-01 -5.287037228247544185e-01 7.026759768071644263e-01 -8.342438005595721462e-01 9.785820483875864718e-17 -7.990728829478943585e-01 -6.012341704671657627e-01 5.601000363966824880e-01 0.000000000000000000e+00 0.000000000000000000e+00 0.000000000000000000e+00 1.000000000000000000e+00
8.780520301205049227e-01 -2.825535651293725747e-01 3.862487737636734475e-01 -4.027757594822258258e-01 -4.785651809328171358e-01 -5.184178485280582782e-01 7.086736215820927942e-01 -8.363188657870476161e-01 9.884094023352631937e-17 -8.070975264242982172e-01 -5.904181423701165832e-01 5.515368238134570333e-01 0.000000000000000000e+00 0.000000000000000000e+00 0.000000000000000000e+00 1.000000000000000000e+00
8.763862014816428125e-01 -2.787392540668061081e-01 3.927488435308981174e-01 -3.989211314139625708e-01 -4.816089968559322809e-01 -5.072231575202681420e-01 7.146869542831966182e-01 -8.377956591465943736e-01 9.986910901558971713e-17 -8.154931616619786050e-01 -5.787667088581980313e-01 5.430521882908582176e-01 0.000000000000000000e+00 0.000000000000000000e+00 0.000000000000000000e+00 1.000000000000000000e+00
8.742665101461056798e-01 -2.749066122621154351e-01 4.001055157974158782e-01 -3.954209992428436293e-01 -4.854462578256724670e-01 -4.950942367853145565e-01 7.205717365155377419e-01 -8.386282573603859314e-01 1.009355683237061030e-16 -8.242014627726245157e-01 -5.662966967619236236e-01 5.347205676566776367e-01 0.000000000000000000e+00 0.000000000000000000e+00 0.000000000000000000e+00 1.000000000000000000e+00
8.715867320304535593e-01 -2.711191026649999447e-01 4.084495081630036828e-01 -3.924283894314355425e-01 -4.902413370458211239e-01 -4.820152745722662835e-01 7.261712652883949293e-01 -8.387707371505966902e-01 1.020326816582545017e-16 -8.331600730046706538e-01 -5.530319093423561316e-01 5.266163997387077744e-01 0.000000000000000000e+00 0.000000000000000000e+00 0.000000000000000000e+00 1.000000000000000000e+00
8.682331753122379814e-01 -2.674302924022586292e-01 4.179140964275685488e-01 -3.900963284423047406e-01 -4.961563798715366569e-01 -4.679811877199116510e-01 7.313155643448540078e-01 -8.381771752394001629e-01 1.031523893013515254e-16 -8.423031797671804988e-01 -5.390040383467425977e-01 5.188141223647404487e-01 0.000000000000000000e+00 0.000000000000000000e+00 0.000000000000000000e+00 1.000000000000000000e+00
8.640831767596830471e-01 -2.638824805695358378e-01 4.286330599584717294e-01 -3.885778427380174871e-01 -5.033490475215923743e-01 -4.529985965493828481e-01 7.358206356738001830e-01 -8.368016483489706392e-01 1.042863014187704452e-16 -8.515622748647090345e-01 -5.242534616263797576e-01 5.113881733625673665e-01 0.000000000000000000e+00 0.000000000000000000e+00 0.000000000000000000e+00 1.000000000000000000e+00
8.590034971351633297e-01 -2.605055061137576677e-01 4.407378735642925593e-01 -3.880259587811403232e-01 -5.119697177661579612e-01 -4.370866733115900127e-01 7.394878282323840146e-01 -8.345982332014817429e-01 1.054258108230635074e-16 -8.608670752780724911e-01 -5.088299113674210616e-01 5.044129905599805674e-01 0.000000000000000000e+00 0.000000000000000000e+00 0.000000000000000000e+00 1.000000000000000000e+00
8.528489185221721502e-01 -2.573156568520137966e-01 4.543537992736255693e-01 -3.885934798219455311e-01 -5.221577560235617366e-01 -4.202779277593646778e-01 7.421035920023112409e-01 -8.315211518250688050e-01 1.065622255998389670e-16 -8.701466061400865426e-01 -4.927929421398901111e-01 4.979629349059198629e-01 0.000000000000000000e+00 0.000000000000000000e+00 0.000000000000000000e+00 1.000000000000000000e+00
8.455135666325713784e-01 -2.542648493144034627e-01 4.695276296911524705e-01 -3.903630626558974859e-01 -5.339539386878501270e-01 -4.026272006559628580e-01 7.434948074140630414e-01 -8.275702899424411951e-01 1.076882231125674708e-16 -8.793410735858224747e-01 -4.761924782112095245e-01 4.920882074840918774e-01 0.000000000000000000e+00 0.000000000000000000e+00 0.000000000000000000e+00 1.000000000000000000e+00
8.370143831926148970e-01 -2.511781221059489200e-01 4.861239279278642411e-01 -3.932478059113603819e-01 -5.471808862969231857e-01 -3.842234007273153118e-01 7.436164710419280732e-01 -8.228559116607392365e-01 1.087995080301007876e-16 -8.884154035747388045e-01 -4.590403802402727163e-01 4.867806100980484607e-01 0.000000000000000000e+00 0.000000000000000000e+00 0.000000000000000000e+00 1.000000000000000000e+00
8.273961587290933339e-01 -2.478717474235638263e-01 5.039595155858552777e-01 -3.971356963765680370e-01 -5.616187287834523145e-01 -3.651732414977960639e-01 7.424506092486229392e-01 -8.175046283052338492e-01 1.098917069590883178e-16 -8.973338846400382707e-01 -4.413523529752828578e-01 4.820232955230336902e-01 0.000000000000000000e+00 0.000000000000000000e+00 0.000000000000000000e+00 1.000000000000000000e+00
8.167173820794264572e-01 -2.441778450883054508e-01 5.228287461276009962e-01 -4.019147208397543802e-01 -5.770378824733501943e-01 -3.455999969144605832e-01 7.399918407140695376e-01 -8.116430512011972853e-01 1.109598814731130162e-16 -9.060561914697985442e-01 -4.231573914032977224e-01 4.777994165342922539e-01 0.000000000000000000e+00 0.000000000000000000e+00 0.000000000000000000e+00 1.000000000000000000e+00
8.050533273870191797e-01 -2.399502046942333933e-01 5.425062574111789715e-01 -4.074728660891531740e-01 -5.932024444176616784e-01 -3.256438211172982822e-01 7.362519688972221088e-01 -8.053977916739009091e-01 1.119986200171884632e-16 -9.145381353641414135e-01 -4.044996896966416844e-01 4.740921259070683402e-01 0.000000000000000000e+00 0.000000000000000000e+00 0.000000000000000000e+00 1.000000000000000000e+00
7.924981767698947577e-01 -2.350698157168524538e-01 5.627511186619158501e-01 -4.136981189129984027e-01 -6.098742819765338163e-01 -3.054603315383100370e-01 7.312642108295147603e-01 -7.988954610486164176e-01 1.130022000521781055e-16 -9.227329882448934706e-01 -3.854397908943097972e-01 4.708845764166063597e-01 0.000000000000000000e+00 0.000000000000000000e+00 0.000000000000000000e+00 1.000000000000000000e+00
7.791660051315654201e-01 -2.294495948250845352e-01 5.833122833285118158e-01 -4.204784660995239398e-01 -6.268176261460086662e-01 -2.852174487787509927e-01 7.250866641063143936e-01 -7.922626706506160632e-01 1.139648106377910626e-16 -9.305933001836759200e-01 -3.660547905071792618e-01 4.681599208381507227e-01 0.000000000000000000e+00 0.000000000000000000e+00 0.000000000000000000e+00 1.000000000000000000e+00
7.651905320115864884e-01 -2.230377935704099257e-01 6.039350895245849671e-01 -4.277018944369636588e-01 -6.438038907305743130e-01 -2.650906749369967841e-01 7.178046282531357347e-01 -7.856260318051705438e-01 1.148808177346930029e-16 -9.380730657580415022e-01 -3.464374738669436793e-01 4.659013119469454511e-01 0.000000000000000000e+00 0.000000000000000000e+00 0.000000000000000000e+00 1.000000000000000000e+00
7.507236462405351141e-01 -2.158196498696692001e-01 6.243683894188183370e-01 -4.352563907135514332e-01 -6.606163841257010061e-01 -2.452571846139449119e-01 7.095314696473480343e-01 -7.791121558375520006e-01 1.157450478014561806e-16 -9.451300397963101618e-01 -3.266943646202444818e-01 4.640919025182351776e-01 0.000000000000000000e+00 0.000000000000000000e+00 0.000000000000000000e+00 1.000000000000000000e+00
7.359328189297301703e-01 -2.078170094861675754e-01 6.443717689271987181e-01 -4.430299417175209697e-01 -6.770545665026866944e-01 -2.258892638487137172e-01 7.004078486537292925e-01 -7.728476540730320199e-01 1.165530613512936665e-16 -9.517279711378207052e-01 -3.069427779796873867e-01 4.627148453272642015e-01 0.000000000000000000e+00 0.000000000000000000e+00 0.000000000000000000e+00 1.000000000000000000e+00
7.209976221024521070e-01 -1.990858658322805785e-01 6.637222664250619353e-01 -4.509105342371064196e-01 -6.929375360900935643e-01 -2.071477274404998625e-01 6.905992977795638588e-01 -7.669591378368820767e-01 1.173013881866832277e-16 -9.578385234694037909e-01 -2.873070882487107069e-01 4.617532931492769332e-01 0.000000000000000000e+00 0.000000000000000000e+00 0.000000000000000000e+00 1.000000000000000000e+00
7.061056476161740036e-01 -1.897120088493459977e-01 6.822200290983028159e-01 -4.587861550605417116e-01 -7.081064993378775041e-01 -1.891759516321211143e-01 6.802923231372951518e-01 -7.615732184543742012e-01 1.179877003996819394e-16 -9.634426879801554211e-01 -2.679145143092717118e-01 4.611903987595176169e-01 0.000000000000000000e+00 0.000000000000000000e+00 0.000000000000000000e+00 1.000000000000000000e+00
6.914481618072314539e-01 -1.798051908790357645e-01 6.996924559164220403e-01 -4.665447909760602196e-01 -7.224260789405381189e-01 -1.720950728952586328e-01 6.696893655656890321e-01 -7.568165072507795355e-01 1.186109072615753484e-16 -9.685315581942228746e-01 -2.488907808294049118e-01 4.610093149332304407e-01 0.000000000000000000e+00 0.000000000000000000e+00 0.000000000000000000e+00 1.000000000000000000e+00
6.772158304484893199e-01 -1.694923691296273682e-01 7.159965473358018695e-01 -4.740744287718963723e-01 -7.357844242643106769e-01 -1.560007411540013100e-01 6.590030726555372587e-01 -7.528156155513702208e-01 1.191711663062283377e-16 -9.731064204732330358e-01 -2.303560167084236776e-01 4.611931944456602039e-01 0.000000000000000000e+00 0.000000000000000000e+00 0.000000000000000000e+00 1.000000000000000000e+00
6.635948089400203198e-01 -1.589106462309993195e-01 7.310193814546260827e-01 -4.812630552362839320e-01 -7.480921932140837116e-01 -1.409616099202062878e-01 6.484503797368351696e-01 -7.496971546814180654e-01 1.196698152625811913e-16 -9.771781982029428271e-01 -2.124212064668926092e-01 4.617251900720509838e-01 0.000000000000000000e+00 0.000000000000000000e+00 0.000000000000000000e+00 1.000000000000000000e+00
6.507457284286082277e-01 -1.482044609600096097e-01 7.446915030289207316e-01 -4.880111977165950687e-01 -7.592957242945069796e-01 -1.270169405910988869e-01 6.382293473908554615e-01 -7.475707658334895811e-01 1.201092059861078964e-16 -9.807660957406869606e-01 -1.951867450560353656e-01 4.625894144618099002e-01 0.000000000000000000e+00 0.000000000000000000e+00 0.000000000000000000e+00 1.000000000000000000e+00
6.387041148809715629e-01 -1.375371692277808366e-01 7.570604868271249011e-01 -4.943002700398160254e-01 -7.694524375386140314e-01 -1.141663235428451717e-01 6.284178521768741810e-01 -7.464366330158431762e-01 1.204923991039080470e-16 -9.838951050033327705e-01 -1.787468107421243402e-01 4.637761714429887161e-01 0.000000000000000000e+00 0.000000000000000000e+00 0.000000000000000000e+00 1.000000000000000000e+00
6.274476298763927984e-01 -1.270628480851808406e-01 7.682216505664101192e-01 -5.001437887575718166e-01 -7.786587646475812141e-01 -1.023879605496695738e-01 6.190373444082207799e-01 -7.462514981946969383e-01 1.208231677489245465e-16 -9.865960359594809770e-01 -1.631816834973779939e-01 4.652782220367830956e-01 0.000000000000000000e+00 0.000000000000000000e+00 0.000000000000000000e+00 1.000000000000000000e+00
6.169431285463955472e-01 -1.169140657489390056e-01 7.782751938546149661e-01 -5.055553514799335790e-01 -7.870077357557456743e-01 -9.165008959532701394e-02 6.100976027962926596e-01 -7.469719936463772303e-01 1.211058267546236929e-16 -9.889041218981855508e-01 -1.485551671695693743e-01 4.670883334687301880e-01 0.000000000000000000e+00 0.000000000000000000e+00 0.000000000000000000e+00 1.000000000000000000e+00
6.071490323149377755e-01 -1.072028842935831283e-01 7.873230557770878324e-01 -5.105485558169715610e-01 -7.945879766011029188e-01 -8.191431204211983841e-02 6.015978664553519595e-01 -7.485547516472103036e-01 1.213449848910016149e-16 -9.908569962824116395e-01 -1.349163182057572519e-01 4.691992729643668647e-01 0.000000000000000000e+00 0.000000000000000000e+00 0.000000000000000000e+00 1.000000000000000000e+00
5.980173092921079459e-01 -9.802247950402687149e-02 7.954664614544788570e-01 -5.151369993787572321e-01 -8.014831862160474163e-01 -7.313832710563902828e-02 5.935280004525154141e-01 -7.509564044735229649e-01 1.215453390168441318e-16 -9.924930118746787544e-01 -1.223013547755249231e-01 4.716038077492305525e-01 0.000000000000000000e+00 0.000000000000000000e+00 0.000000000000000000e+00 1.000000000000000000e+00
5.894951649681311467e-01 -8.944911439097766315e-02 8.028040274026192469e-01 -5.193342797753609519e-01 -8.077719049825858866e-01 -6.527810650371590473e-02 5.858697110553622300e-01 -7.541335844016412437e-01 1.217115099493856331e-16 -9.938499005111181006e-01 -1.107356096928204942e-01 4.742947050488579563e-01 0.000000000000000000e+00 0.000000000000000000e+00 0.000000000000000000e+00 1.000000000000000000e+00
5.815264504737539530e-01 -8.154428060433982495e-02 8.094303661836003139e-01 -5.231539946168535238e-01 -8.135274964003346154e-01 -5.828955538208668852e-02 5.785977361984422362e-01 -7.580429237078916138e-01 1.218479168148013866e-16 -9.949637470953800467e-01 -1.002354326868531292e-01 4.772647320887862810e-01 0.000000000000000000e+00 0.000000000000000000e+00 0.000000000000000000e+00 1.000000000000000000e+00
5.740528071557102763e-01 -7.435686951251840870e-02 8.154351173164835487e-01 -5.266097415133060844e-01 -8.188182793493614664e-01 -5.212972249335929426e-02 5.716809577343962001e-01 -7.626410546686007708e-01 1.219586850366223290e-16 -9.958682382670228650e-01 -9.080997748560637461e-02 4.805066560945526755e-01 0.000000000000000000e+00 0.000000000000000000e+00 0.000000000000000000e+00 1.000000000000000000e+00
5.670154138494313267e-01 -6.792360801856413277e-02 8.209018844727415942e-01 -5.297151180747893262e-01 -8.237071812587033470e-01 -4.675658242039379409e-02 5.650843313552470493e-01 -7.678846095600950772e-01 1.220476023648787953e-16 -9.965943033522244310e-01 -8.246086663317711563e-02 4.840132442916942335e-01 0.000000000000000000e+00 0.000000000000000000e+00 0.000000000000000000e+00 1.000000000000000000e+00
5.603667548934710974e-01 -6.224961978532445733e-02 8.259019825903938239e-01 -5.324837219113739417e-01 -8.282445894843868395e-01 -4.211632394021497250e-02 5.587818136335527264e-01 -7.737302206587005626e-01 1.221183008292800039e-16 -9.971716001242441063e-01 -7.515849855907570654e-02 4.877772639057478821e-01 0.000000000000000000e+00 0.000000000000000000e+00 0.000000000000000000e+00 1.000000000000000000e+00
5.540682782721813027e-01 -5.731757330529677757e-02 8.304956585093582477e-01 -5.349291506331309565e-01 -8.324712265372904429e-01 -3.814888508291627151e-02 5.527533985010221196e-01 -7.801345202407441448e-01 1.221740544871192286e-16 -9.976268632897384858e-01 -6.885231762749617623e-02 4.917914821622508259e-01 0.000000000000000000e+00 0.000000000000000000e+00 0.000000000000000000e+00 1.000000000000000000e+00
5.480821877223380767e-01 -5.310633456436363725e-02 8.347368643654320408e-01 -5.370650018501310630e-01 -8.364244828443844204e-01 -3.479888098321748391e-02 5.469763453576581558e-01 -7.870541405825519643e-01 1.222175880838741985e-16 -9.979823420839939452e-01 -6.349208524332980441e-02 4.960486662867401586e-01 0.000000000000000000e+00 0.000000000000000000e+00 0.000000000000000000e+00 1.000000000000000000e+00
5.423713682545403536e-01 -4.959240358625009032e-02 8.386738891871120538e-01 -5.389048731724449537e-01 -8.401388569145565866e-01 -3.201554072488457803e-02 5.414256239359156453e-01 -7.944457139604503837e-01 1.222511356864802515e-16 -9.982562790479365677e-01 -5.902881788896211651e-02 5.005415835047526407e-01 0.000000000000000000e+00 0.000000000000000000e+00 0.000000000000000000e+00 1.000000000000000000e+00
5.368994704905276638e-01 -4.675073853875184871e-02 8.423498839752232570e-01 -5.404623622101437652e-01 -8.436462283368492132e-01 -2.975233684856236002e-02 5.360744723124377664e-01 -8.022658726507662097e-01 1.222765010407317688e-16 -9.984634028837165998e-01 -5.541509814002910927e-02 5.052630010418258655e-01 0.000000000000000000e+00 0.000000000000000000e+00 0.000000000000000000e+00 1.000000000000000000e+00
5.316309597242376839e-01 -4.455540930271650879e-02 8.458033684991761447e-01 -5.417510665732979680e-01 -8.469761051308861699e-01 -2.796659181412099529e-02 5.308948550133221200e-01 -8.104712489298255829e-01 1.222951133645615781e-16 -9.986153840414084826e-01 -5.260527308008442621e-02 5.102056861234965934e-01 0.000000000000000000e+00 0.000000000000000000e+00 0.000000000000000000e+00 1.000000000000000000e+00
